0
1
2
3
4
5
6
7
8
9
10
11
12
13
14
15
16
18
19
20
21
22
24
25
26
27
28
31
33
34
37
38
39
40
41
42
45
46
47
48
49
50
51
54
58
59
60
61
62
63
64
65
66
67
71
75
76
77
79
82
84
85
87
88
89
90
92
93
94
95
96
97
98
99
102
103
104
105
106
108
110
111
112
113
116
117
118
119
120
121
123
125
127
128
130
135
136
137
138
140
142
145
146
147
148
149
151
152
153
155
157
159
162
164
166
168
170
172
173
174
177
179
180
184
185
186
189
190
191
192
193
195
196
199
201
202
203
205
206
207
208
213
215
217
218
220
223
224
225
226
227
228
232
234
236
237
238
242
245
248
250
253
254
256
257
259
260
261
265
268
269
270
274
277
278
280
281
283
284
285
286
289
290
293
295
297
302
304
305
309
311
313
316
319
320
322
323
324
325
326
328
329
332
334
335
336
337
338
342
343
344
345
346
349
352
353
355
356
357
358
359
360
361
362
363
364
365
366
371
373
375
378
379
380
383
384
385
387
388
389
390
393
394
397
398
401
402
403
408
409
410
411
417
418
421
422
423
424
429
430
433
434
436
437
439
441
442
445
446
447
448
455
456
461
462
467
468
469
470
473
474
475
476
483
484
503
504
513
523
524
525
526
531
532
533
534
535
536
537
538
539
540
545
546
549
550
566
567
571
572
623
624
627
628
629
630
635
637
640
641
642
643
644
645
646
647
648
651
652
655
656
661
667
668
671
672
679
680
681
682
683
684
688
689
690
691
695
696
698
699
704
705
706
709
710
711
712
713
714
715
716
717
723
724
725
726
733
734
737
738
741
742
743
744
749
750
751
752
756
757
760
761
762
763
764
765
767
768
769
770
771
772
773
774
775
776
777
780
781
782
783
784
785
786
787
789
790
795
796
800
801
802
803
804
805
806
807
812
813
818
819
823
824
827
828
831
832
839
840
845
846
857
858
859
860
866
869
870
871
872
877
878
879
880
897
898
899
900
901
902
903
904
905
910
911
913
914
917
918
919
920
925
935
936
939
940
941
942
943
944
945
946
947
948
955
956
959
960
961
962
976
977
984
985
988
989
992
993
994
995
996
997
1000
1001
1004
1005
1006
1007
1008
1009
1011
1015
1016
1021
1022
1027
1028
1029
1030
1032
1033
1034
1035
1036
1037
1041
1045
1046
1053
1057
1058
1059
1060
1066
1067
1068
1069
1074
1075
1078
1079
1084
1085
1086
1087
1099
1100
1102
1113
1114
1115
1116
1117
1118
1121
1122
1125
1126
1127
1128
1132
1135
1136
1139
1145
1150
1151
1156
1157
1160
1161
1166
1167
1170
1171
1174
1175
1176
1177
1178
1184
1185
1186
1187
1194
1195
1196
1197
1198
1199
1202
1203
1206
1207
1208
1209
1210
1211
1212
1213
1216
1217
1220
1221
1224
1225
1228
1229
1230
1231
1233
1234
1253
1254
1257
1258
1261
1262
1276
1277
1279
1280
1281
1282
1285
1286
1295
1296
1299
1300
1301
1302
1307
1308
1309
1310
1313
1314
1319
1320
1323
1324
1325
1326
1328
1329
1330
1333
1334
1335
1336
1343
1344
1345
1346
1353
1354
1357
1358
1366
1369
1370
1385
1386
1387
1388
1393
1394
1396
1401
1402
1403
1404
1412
1413
1416
1417
1423
1424
1436
1437
1440
1441
1445
1446
1466
1467
1472
1473
1474
1475
1487
1488
1491
1497
1498
1501
1502
1503
1504
1511
1512
1515
1516
1521
1522
1523
1524
1526
1527
1528
1529
1530
1531
1536
1537
1540
1541
1542
1543
1554
1555
1558
1559
1562
1564
1565
1566
1567
1568
1569
1572
1573
1574
1575
1580
1581
1583
1584
1594
1595
1633
1634
1641
1642
1647
1648
1653
1654
1657
1658
1667
1668
1674
1675
1678
1679
1680
1681
1682
1683
1701
1702
1703
1704
1705
1706
1719
1720
1721
1722
1725
1726
1731
1732
1739
1740
1741
1744
1745
1752
1753
1760
1761
1762
1763
1764
1765
1771
1774
1775
1776
1777
1779
1780
1781
1791
1792
1797
1798
1800
1801
1802
1803
1808
1809
1810
1811
1817
1818
1819
1820
1821
1822
1823
1824
1825
1826
1829
1830
1833
1834
1837
1838
1839
1840
1852
1853
1854
1855
1856
1857
1858
1859
1860
1861
1862
1863
1864
1865
1869
1871
1872
1873
1874
1885
1886
1894
1895
1900
1901
1904
1905
1906
1907
1910
1911
1912
1913
1914
1915
1918
1919
1920
1921
1922
1923
1924
1925
1926
1927
1935
1938
1939
1941
1942
1943
1944
1945
1946
1947
1949
1950
1953
1955
1956
1959
1960
1966
1967
1969
1970
1972
1978
1979
1988
1989
1990
1991
1994
1995
1996
1997
2002
2003
2004
2005
2006
2007
2008
2009
2010
2011
2015
2016
2017
2018
2027
2028
2029
2030
2031
2032
2040
2041
2044
2045
2046
2047
2048
2049
2050
2051
2052
2053
2054
2055
2056
2061
2062
2066
2067
2071
2072
2073
2074
2075
2076
2077
2078
2079
2080
2081
2082
2084
2085
2086
2087
2089
2090
2095
2096
2097
2098
2099
2100
2101
2102
2103
2104
2108
2109
2117
2118
2123
2124
2125
2126
2127
2128
2137
2138
2139
2140
2141
2142
2143
2144
2145
2146
2147
2148
2149
2150
2151
2152
2153
2154
2155
2156
2157
2158
2163
2164
2165
2166
2169
2170
2171
2172
2173
2174
2175
2176
2177
2178
2179
2180
2181
2182
2183
2184
2185
2186
2187
2188
2190
2192
2193
2194
2195
2198
2199
2204
2205
2207
2208
2209
2210
2211
2212
2213
2214
2215
2216
2217
2218
2219
2220
2225
2226
2227
2228
2229
2230
2236
2237
2239
2240
2241
2242
2243
2245
2246
2251
2252
2257
2258
2259
2260
2261
2262
2265
2266
2267
2268
2269
2270
2271
2272
2279
2280
2281
2282
2287
2288
2293
2294
2304
2305
2306
2311
2312
2313
2314
2315
2316
2331
2332
2339
2340
2349
2350
2366
2369
2370
2376
2377
2380
2381
2382
2383
2384
2385
2386
2387
2388
2389
2392
2393
2396
2397
2398
2399
2400
2401
2402
2403
2404
2405
2406
2407
2408
2409
2410
2411
2417
2418
2419
2420
2421
2422
2423
2424
2427
2428
2441
2442
2445
2446
2447
2449
2450
2451
2452
2453
2454
2455
2457
2459
2460
2461
2462
2464
2465
2466
2467
2473
2474
2475
2476
2477
2478
2479
2480
2483
2484
2487
2488
2491
2492
2495
2496
2509
2510
2517
2518
2525
2526
2527
2528
2529
2530
2531
2532
2539
2540
2546
2547
2550
2551
2552
2553
2556
2557
2558
2559
2560
2561
2562
2563
2564
2566
2567
2570
2571
2573
2574
2576
2579
2580
2583
2584
2587
2588
2589
2590
2595
2596
2597
2598
2599
2600
2610
2611
2615
2616
2617
2618
2628
2629
2631
2635
2636
2637
2638
2650
2651
2652
2653
2661
2662
2674
2675
2679
2680
2682
2683
2684
2685
2696
2697
2706
2707
2717
2718
2719
2720
2731
2732
2733
2741
2742
2743
2746
2749
2750
2751
2752
2753
2754
2757
2758
2759
2760
2763
2764
2765
2766
2769
2770
2777
2778
2807
2808
2814
2815
2817
2818
2819
2820
2825
2826
2829
2830
2831
2832
2841
2842
2843
2844
2845
2846
2847
2848
2849
2850
2851
2852
2853
2854
2857
2858
2863
2864
2865
2866
2867
2868
2871
2872
2873
2874
2875
2876
2877
2878
2885
2886
2909
2910
2917
2918
2923
2924
2925
2926
2929
2930
2931
2932
2933
2934
2939
2940
2942
2943
2944
2945
2948
2949
2950
2951
2952
2953
2957
2958
2965
2966
2967
2968
2969
2970
2971
2972
2973
2974
2979
2986
2987
2988
2989
2990
2991
2992
2993
3003
3004
3005
3006
3007
3008
3014
3015
3020
3021
3022
3023
3024
3025
3026
3028
3032
3033
3034
3035
3036
3037
3048
3049
3052
3053
3056
3057
3060
3061
3062
3063
3066
3067
3068
3069
3070
3071
3072
3073
3074
3075
3076
3077
3079
3080
3081
3083
3084
3085
3088
3089
3090
3091
3093
3094
3097
3098
3099
3100
3101
3102
3103
3104
3105
3106
3107
3108
3109
3110
3111
3112
3116
3117
3118
3121
3122
3123
3124
3127
3128
3129
3130
3135
3136
3137
3138
3139
3140
3142
3144
3145
3146
3147
3148
3149
3150
3151
3152
3153
3154
3155
3160
3161
3162
3163
3164
3165
3166
3167
3170
3171
3174
3175
3178
3179
3180
3181
3182
3183
3184
3185
3186
3187
3188
3189
3190
3191
3192
3193
3194
3195
3196
3198
3199
3200
3201
3202
3203
3204
3205
3206
3207
3208
3209
3210
3211
3212
3214
3215
3216
3217
3218
3219
3224
3225
3226
3227
3228
3229
3230
3231
3232
3233
3234
3236
3237
3238
3239
3240
3241
3242
3243
3244
3245
3246
3247
3248
3249
3250
3251
3252
3253
3255
3256
3257
3258
3259
3260
3261
3262
3263
3264
3265
3266
3267
3268
3269
3270
3271
3272
3273
3274
3275
3278
3279
3280
3281
3282
3283
3284
3285
3290
3291
3294
3296
3298
3299
3300
3301
3302
3303
3304
3305
3308
3309
3310
3311
3312
3313
3314
3315
3316
3317
3320
3321
3322
3323
3324
3325
3326
3327
3328
3329
3330
3331
3332
3333
3334
3335
3336
3337
3338
3339
3340
3341
3342
3343
3344
3345
3346
3347
3348
3349
3350
3351
3352
3353
3354
3355
3356
3357
3358
3359
3360
3361
3362
3363
3367
3368
3369
3370
3371
3372
3373
3374
3375
3376
3377
3378
3379
3380
3381
3382
3383
3384
3385
3386
3387
3388
3389
3390
3391
3392
3393
3394
3396
3397
3398
3399
3400
3401
3402
3403
3404
3405
3406
3407
3408
3409
3410
3411
3412
3413
3414
3415
3416
3417
3418
3419
3420
3421
3422
3423
3424
3425
3426
3427
3428
3429
3430
3431
3432
3433
3434
3435
3436
3437
3438
3439
3440
3441
3442
3443
3444
3445
3446
3447
3448
3449
3450
3451
3452
3453
3454
3455
3456
3457
3458
3459
3460
3461
3462
3463
3464
3465
3466
3467
3468
3469
3470
3471
3472
3473
3474
3475
3476
3477
3478
3479
3480
3481
3482
3483
3484
3485
3486
3487
3488
3489
3490
3493
3494
3495
3496
3498
3499
3500
3502
3503
3504
3505
3506
3507
3508
3509
3510
3511
3512
3513
3514
3515
3516
3517
3518
3519
3522
3523
3524
3525
3526
3527
3528
3529
3530
3531
3532
3533
3534
3535
3536
3537
3538
3539
3541
3542
3543
3544
3545
3546
3547
3548
3549
3550
3551
3552
3553
3554
3555
3556
3557
3558
3559
3560
3561
3562
3563
3564
3565
3566
3567
3568
3569
3570
3571
3572
3573
3574
3575
3576
3577
3579
3580
3581
3582
3583
3584
3585
3586
3587
3588
3589
3590
3592
3594
3595
3596
3597
3598
3599
3600
3601
3602
3603
3604
3605
3607
3608
3609
3610
3611
3612
3613
3614
3615
3616
3617
3618
3619
3620
3623
3624
3625
3626
3627
3628
3629
3630
3631
3632
3633
3634
3635
3636
3637
3638
3639
3640
3641
3642
3643
3644
3645
3646
3647
3648
3649
3650
3651
3652
3653
3654
3656
3657
3658
3659
3660
3661
3662
3663
3664
3665
3666
3667
3668
3669
3671
3672
3673
3674
3675
3676
3677
3678
3679
3680
3681
3682
3683
3684
3685
3686
3687
3688
3689
3690
3691
3692
3693
3694
3699
3700
3703
3705
3706
3709
3710
3711
3712
3713
3714
3715
3716
3717
3718
3719
3720
3721
3722
3723
3724
3725
3726
3727
3728
3729
3730
3731
3732
3733
3734
3735
3736
3737
3738
3739
3740
3741
3742
3743
3744
3745
3746
3747
3748
3749
3750
3751
3752
3753
3754
3755
3756
3757
3758
3759
3760
3764
3765
3766
3767
3768
3769
3772
3773
3774
3775
3776
3777
3778
3779
3780
3781
3782
3783
3784
3785
3786
3787
3788
3789
3790
3791
3792
3793
3794
3795
3796
3797
3798
3799
3800
3801
3802
3803
3804
3805
3806
3807
3808
3809
3810
3811
3812
3813
3814
3815
3816
3817
3818
3820
3821
3822
3823
3824
3825
3826
3827
3828
3829
3830
3831
3832
3834
3835
3837
3839
3840
3841
3842
3843
3844
3845
3846
3847
3848
3849
3850
3851
3854
3855
3856
3857
3858
3859
3860
3861
3862
3863
3864
3865
3866
3867
3868
3869
3870
3871
3872
3873
3874
3875
3876
3877
3878
3879
3880
3881
3882
3883
3884
3885
3886
3887
3888
3889
3890
3891
3892
3893
3899
3900
3901
3902
3903
3904
3905
3906
3907
3908
3909
3910
3911
3912
3913
3914
3915
3916
3917
3918
3920
3921
3922
3923
3924
3925
3926
3927
3928
3929
3930
3931
3932
3933
3934
3935
3936
3937
3938
3939
3940
3941
3942
3943
3944
3945
3946
3947
3948
3949
3950
3951
3952
3955
3956
3959
3960
3961
3962
3963
3964
3965
3966
3967
3968
3969
3970
3971
3972
3973
3974
3975
3976
3977
3978
3979
3980
3981
3982
3984
3985
3986
3987
3990
3991
3992
3993
3994
3995
3996
3997
3998
3999
4000
4001
4002
4003
4004
4005
4006
4007
4008
4009
4011
4012
4013
4014
4015
4016
4017
4018
4019
4020
4021
4022
4023
4024
4025
4026
4027
4028
4029
4030
4031
4032
4033
4034
4035
4037
4038
4039
4040
4041
4042
4043
4044
4045
4046
4047
4048
4049
4050
4051
4052
4053
4054
4055
4057
4058
4059
4060
4061
4062
4063
4064
4065
4066
4067
4068
4069
4070
4071
4072
4073
4074
4075
4076
4077
4078
4081
4082
4083
4084
4085
4086
4087
4088
4089
4090
4091
4092
4093
4094
4097
4098
4099
4100
4101
4102
4103
4104
4105
4106
4107
4108
4109
4110
4111
4112
4113
4114
4115
4116
4117
4118
4119
4120
4121
4122
4123
4124
4125
4126
4127
4128
4129
4130
4131
4132
4133
4134
4137
4138
4139
4140
4141
4142
4143
4144
4145
4146
4147
4148
4149
4150
4151
4152
4154
4155
4156
4157
4160
4161
4162
4163
4164
4165
4166
4167
4168
4169
4170
4171
4172
4173
4174
4175
4176
4177
4178
4179
4181
4182
4187
4188
4189
4190
4191
4192
4193
4194
4195
4196
4197
4198
4199
4200
4201
4202
4203
4204
4206
4207
4208
4209
4210
4211
4212
4213
4214
4215
4216
4217
4218
4219
4220
4222
4223
4224
4225
4226
4227
4228
4229
4230
4231
4232
4233
4234
4235
4236
4237
4238
4239
4240
4241
4242
4243
4244
4245
4246
4247
4248
4249
4250
4251
4252
4253
4254
4255
4256
4257
4258
4259
4260
4261
4262
4263
4264
4265
4266
4267
4269
4270
4271
4272
4273
4274
4275
4278
4279
4280
4281
4282
4283
4284
4285
4286
4287
4288
4289
4290
4291
4292
4293
4294
4295
4296
4297
4298
4299
4300
4301
4302
4303
4304
4305
4306
4307
4308
4309
4314
4315
4318
4319
4320
4321
4322
4323
4324
4325
4326
4327
4328
4329
4330
4331
4332
4333
4334
4335
4336
4337
4338
4339
4340
4341
4344
4345
4346
4347
4348
4349
4350
4352
4353
4354
4355
4356
4357
4358
4359
4360
4361
4362
4363
4364
4366
4367
4368
4369
4370
4371
4374
4375
4376
4377
4378
4379
4380
4381
4382
4383
4384
4385
4386
4387
4388
4389
4390
4391
4392
4393
4394
4395
4400
4401
4402
4403
4404
4405
4406
4407
4408
4409
4410
4411
4412
4413
4414
4415
4416
4417
4418
4419
4420
4421
4422
4423
4426
4427
4429
4430
4431
4432
4433
4434
4435
4436
4437
4438
4439
4440
4441
4444
4445
4446
4447
4448
4449
4450
4451
4452
4453
7399
9775
11999
12000
12206
13903
13904
14049
14050
17647
17648
20474
20475
20739
21325
21326
21885
21886
21987
21988
22128
22129
22255
22256
22289
22290
22318
22319
22380
22381
22481
22482
23023
23024
23569
27458
45364
58749
62095
65706
65956
68623
68811
92916
